0.235646860978461
1.19957327755871
3.94770035879997
7.69280325041368
8.88729432317863
9.56478989503420
9.56478989503420
8.88729432317862
7.69280325041368
3.94770035879998
1.19957327755871
0.235646860978461
0.230252091201552
1.17121328658739
3.94575623556598
7.45478576235705
8.94225814652465
9.53785588148955
9.54863636779166
8.92910428813422
7.31617229056500
3.95760624658093
1.20339693124814
0.259256921370549
0.237283121117582
1.13432252850067
3.94044083581836
7.50457564417185
8.93002406522195
9.49199652723251
9.49667850187758
8.95732225487438
7.49991595448202
3.94966864999706
1.17492403897474
0.228141109310878
0.228141109310878
1.17492403897474
3.94966864999706
7.49991595448202
8.95732225487438
9.49667850187757
9.49199652723251
8.93002406522194
7.50457564417185
3.94044083581836
1.13432252850067
0.237283121117582
0.259256921370549
1.20339693124814
3.95760624658093
7.31617229056500
8.92910428813421
9.54863636779166
9.53785588148955
8.94225814652465
7.45478576235706
3.94575623556598
1.17121328658739
0.230252091201552